Fri Jul 22 10:05:59 CST 2022
 10  11   0   3  12   4   1   5  15   6   8  14   2   9   7  13 
 15   8   9   7   2  13   5   1  10  14  11   6  12   0   3   4 
  2   3   6  11  15   5  13   4  12   0   7   9  10  14   8   1 
  0   5  10   4  14   3   8  11   9   2   1  12   6  15  13   7 
  8  15   1  12   3  14   0   9  11  13  10   4   7   5   2   6 
  6   4   2   5   9  11   7   3  14  10  13  15   0  12   1   8 
 13  14   7   9   5  15   2  12   4   8   6  11   1   3   0  10 
 12   7  14   8  10   1   4  13   2   9   3   0  15   6  11   5 
  5   0  11   6  13   2  15  10   1   3   9   7   4   8  14  12 
 14  13  12   1   0   8   3   7   6  15   4  10   9   2   5  11 
  1   9   8  14   4  12  10  15   5   7   0   3  13  11   6   2 
  7  12  13  15  11   9   6  14   3   1   2   5   8   4  10   0 
  9   1  15  13   6   7  11   8   0  12   5   2  14  10   4   3 
  4   6   3   0   1  10  12   2  13  11  14   8   5   7   9  15 
 11  10   5   2   7   6   9   0   8   4  15  13   3   1  12  14 
  3   2   4  10   8   0  14   6   7   5  12   1  11  13  15   9 
Success! scnt:211207999
Fri Jul 22 10:19:29 CST 2022
