Thu Apr  1 09:17:42 CST 2021
sbox_fill() returned: true

quasigroup sbox: 
  5   3   1   6   7   2   0   4
  3   5   0   2   4   6   1   7
  6   2   4   5   0   3   7   1
  4   7   6   1   3   0   2   5
  0   1   3   7   6   4   5   2
  7   4   2   0   5   1   6   3
  2   6   7   3   1   5   4   0
  1   0   5   4   2   7   3   6

indicies of freedom: 
  1   2   1   6   4   7   3   4
  7   2   3   1   1   3   5   9
  9   9   9   9   9   9   9   9
  9   9   9   9   9   9   9   9
  9   9   9   9   9   9   9   9
  9   9   9   9   9   9   9   9
  9   9   9   9   9   9   9   9
  9   9   9   9   9   9   9   9

sbox_fill() returned: true

quasigroup sbox: 
  5   3   7   0   6   2   4   1
  4   7   3   2   1   0   5   6
  3   5   4   6   0   1   7   2
  2   1   6   4   7   5   0   3
  0   6   1   5   3   4   2   7
  6   0   2   3   5   7   1   4
  7   4   5   1   2   6   3   0
  1   2   0   7   4   3   6   5

indicies of freedom: 
  1   2   5   1   5   6   5   3
  4   3   1   1   1   6   5   9
  8   9   9   9   9   9   9   9
  3   9   9   9   9   9   9   9
  9   9   9   9   9   9   9   9
  9   9   9   9   9   9   9   9
  9   9   9   9   9   9   9   9
  9   9   9   9   9   9   9   9

sbox_fill() returned: true

quasigroup sbox: 
  7   1   3   5   6   4   0   2
  0   4   6   2   3   1   7   5
  1   7   5   3   2   0   4   6
  4   0   2   6   5   7   1   3
  2   6   4   0   1   3   5   7
  3   5   7   1   0   2   6   4
  6   2   0   4   7   5   3   1
  5   3   1   7   4   6   2   0

indicies of freedom: 
  4   6   3   4   2   4   6   1
  1   9   1   1   4   9   3   2
  3   3   9   9   9   9   9   9
  9   9   9   9   9   9   9   9
  9   9   9   9   9   9   9   9
  9   9   9   9   9   9   9   9
  9   9   9   9   9   9   9   9
  9   9   9   9   9   9   9   9

sbox_fill() returned: true

quasigroup sbox: 
  7   1   3   5   6   4   0   2
  0   4   6   2   3   1   7   5
  1   7   5   3   2   0   4   6
  4   0   2   6   5   7   1   3
  2   6   4   0   1   3   5   7
  3   5   7   1   0   2   6   4
  6   2   0   4   7   5   3   1
  5   3   1   7   4   6   2   0

indicies of freedom: 
  4   6   3   4   2   4   6   1
  1   9   1   9   4   9   3   2
  3   3   9   9   9   9   9   9
  9   9   9   9   9   9   9   9
  9   9   9   9   9   9   9   9
  9   9   9   9   9   9   9   9
  9   9   9   9   9   9   9   9
  9   9   9   9   9   9   9   9

Thu Apr  1 09:21:34 CST 2021
sbox_fill() returned: true

quasigroup sbox: 
  7   6   1   0   4   2   3   5
  4   3   5   2   7   0   6   1
  5   0   4   6   1   3   2   7
  3   4   0   1   6   5   7   2
  0   5   3   7   2   4   1   6
  1   2   7   3   5   6   0   4
  2   1   6   4   0   7   5   3
  6   7   2   5   3   1   4   0

indicies of freedom: 
  4   7   5   6   8   2   5   7
  7   9   4   1   1   9   5   9
  9   9   9   9   9   9   9   9
  9   9   9   9   9   9   9   9
  9   9   9   9   9   9   9   9
  9   9   9   9   9   9   9   9
  9   9   9   9   9   9   9   9
  9   9   9   9   9   9   9   9

